1010010001000110100110011011001010001001011011010001111110111100111001011110010110101101110111000100
0100000010100011010111111010001100010101000001010011101001000111101110001100011001101101000111011001
0001001000010000011011010101100100100010100111110101000111010100011011110010011001111101011011010001
0011110010100000100110111011100101101010101010110001001001011111010010111000011101010000000001000111
1010001111001010101011010111111101100011101000101011001000101111101110110011110010110011000100101101
0000100000110011001011111010110100001110100001100100011010000111011101001000011010010100011010111010
0100100000001100011101001110101100100111111011110011110100010010001010100111110001101001010000010001
1100100000101010011100110011111110000010101001011010011100100010011001010011111101111001110110110101
1111000110011011001000010010110101100110100001100010100101010010110001100100011001100001011100100110
0100101101011111000000011100001100000110000111010001010011001110110010011001110011100001100000100000
0101110000100001111001011100111101111011101011011110111111000010110010100001111001111011010000010110
0000101111011001101000011010100011011111001100001111111001100011000101101011110101111001111010001011
1100101001001110100000011100001011101001101010000111100101010101011011111010111110001001111011100110
0100001100011010100110000011000110101110110000100010011110000011100011001011101001100000011101100111
0010010101000101110111001011110100110110100010001000010010101111100001100010001011010100010011100111
1001110010110110001101000101000111011000010011110001110001000010000000100011110111100010101100100101
0011111010100110110000011011101110001110011110010011111110100000111100111101000000110100110011101011
0000010000101100110111100101100011111110111001010101100001100111011010101100011001001111110101010111
0011011101000001110001111001111111101000111010110110100011110010010011011010011101110100101100011011
0111000000110001001000001010100101110001001110101111101100100100000011101110010111011110101001111110
0100111000101000001001001110111000101011101101110101001111110000110001110011111101110100100011000111
0001111001000000110010010000001011110101101101010101001110110111000010001001110111100111100011111000
1011010110111010011111010101011110001111010010010101011100111001111001111111110110111101001110000001
1001011110010000011100010110001101101000010100111111011001101010001000011011101111001001010100011111
0101011111010111111110011100110001110100101011100011001100001010111011001000011100000111010001101101
0100011100010001111101101100110000000011101110011011101011011101110000010011010011111001100101100100
1011000011101010010010000001100001000011111011001000111001100011000001001111100110100101011011111011
1110110001110011011110110010010100011000110101011001110100011000011100100101101111010111000010111101
1110000001001111111111111011011001000111011111011000100000001111111111110110100110101101000001010101
0101101101000000000110111111010011101110000111011001010001110010110110000101110100110000100100000010
0110001110001001111000111100001111010111000110001010111111011100001011011000111111110100001011001010
0100011101000101100111000011001110011110000010110011111110101010101001110001010111011100001111111100
1110100110010111000010111100010101000010110101100010010001101010111101001011001101101000101100011011
1111110101000001101100100100000110100100011010010010101111110000001111100100101111001110110110110100
0101010110101010100000011100010010010011011011110000010101110110100100101101000001100101001101101100
0100011010001011000100001011101011100110110111000100011100011000001111001101110101100111110101111011
1010111111010100101101101100001001010110100100010010100110001011010011000010000010000000111011100011
1011101000101101100101000001100011110011110000011101100010100101011010110110111011010101000001110101
1001110100001100110010101011001111001010010010110011111111100100001010010011101110001001011000101001
1001001000001111110001000011001110011101000100000100101010110000011100010101001000001111000010001000
1010001110100010000000101101111011010000000010010011001001101101111111100000011110100000001110010110
1000100010000010011101011000110001000101101100101101010011011000111010001011001111111000111001001100
0011111001111111111010001001101100001001101100110010001111100100001011101110101111001101110100110101
1011001000011011110111101100110101100111010110001110101001000011100000001101010100001010011000110101
1100111001000000101010100110001001000111110010101010111100100011010011111100001111101101010111001001
1010000111001000001110111110100111111001011001101000110010000100101011011101111000001011000011001110
1001010111001101010110011110011011011001011000101000100110010011100000010010010000011010110000001100
1111111011110100100000011011011101111001010110110010000100110110100011010011101110111000010001010011
0010010010000110010011100001000011011000000110100110011100001010000010100110101010010101100111110001
0010000000100001010000001110000100111000111100110001110111000011111000100111000001110000111111100001
1101100110110001101111101100010100101110000011100110110111000110100110001001101111111110100001111000
1001101101110010011000011101000100000010110001110100011100001001010101001110101111100100011110001011
0010110101100110010101110101111101101000100010101111011111010010110110101010010111010011110110000100
1100101000011011010011011101011111101011101111111001010111000011000011011111100111011110011000110010
1111101101000101111100001010011111011010011011100110111001100000111001111101010100001100101000000010
0010111100110101110101111000000110100010100101011011010101101011010101111111101001000110110111000001
0101011111010001010101001101011000001111110000111100001100010101010001001100111100011101001001000011
1110010101110011010001011010011111010001111110111101001111000000011110110101100110001011010101000001
0010011001111001101110010110010011110011011110100000010000010111010100111111100000101111101110111111
1111101011001011001101011111000010101101011010101010110111000111001100010101001100001010100011000101
0001110100100011110001101110010111010010011101001000111100100011100101110110100111111101101001010001
1010010001000100101001001001110000010001110001001111000111111010010100000010010001001010000110001110
1100100001000110001110111110111001101111000011000010110101111010100011010000000100010011000010000010
1001010011010011011001001100110011101001001010000011100010001100011001010110010111001101010101111011
0110001011111111101100000010011000011101101001011111011000101011011101001111101010011011110001011110
0010001001110000010000111011101100011110001000110111000101001100100011101101111011110110010100001111
0101100010110110010000101001000011100000100100001100111101111011001111111101111001000111000100011101
1101101011000100110111101001110011110001011110111001111011101010101011010100111110101100010011001010
0011011100110010101001111110010110111100001111010100110001000011110100111000011001001011011011011111
0001000010110111010011011000111110001001100000010011111010101000111101001010011111111111101001100001
0001001001000100010000001101001110011001111101001001001101111111000000011011100011101100011000000010
0011100001100000110101010000011000101101111111111011011010001000010011100010100000110100010010101110
0100100011001011010000111011001001111111100000101111110001110001010001010001000010011011101010000111
1101101110000100001000011000011011100100111011011101011101111100100101010111010011001010001001100111
0011001111001101101010110000111010001001011011111001111000011010000100010011001000100010010110100100
0000011101101010110110101100111010001101010111001011100100000100100110010001110110001001110010011101
0001100010110111100100101001111100001011011001001101110010010101000011000001100000111010011000001110
1000100100001011011000110001001101000010001100110000001101000101100101000001110000110001010011101000
1000011100001001101101001100100100010100111000111101111110101101100011100110110101111000110001010011
0110110001000100100001011101011011000101000101110110100000000010011010100001010010001011010110011110
0010111000001001100100101101101101010101001101001000110110011010011010001100000001001011001000100110
0111011010011001111001110111010001000000011100110001111010110011111001111010010010100010000100011111
0010100001011011011001100010001111101001000010001110010001101001010101101101010101011110011111001011
0100100001110000100100111000101000000001011111101011110011111011101000001000100001011100010101011000
1011001000001011001111100010110000001101000010011010100101101111001001001001111101011001101111111110
0000101100001110001010011010010101000111111111010101101100011010111111111000001011000000000100101101
0000001100000100001101110111000110011111111100001011111010011110101101010110001100101011110111011010
1010010101000011000110011001110001101100000000011100010001001010001110011001000000011100110101010011
1111110111101111111011010011111111010001100001110111111101000010100010101111111001101000011110101111
1001111100000001010110101100000011011100011000110100010110101000111101000100100000110000110011010001
0010001111001011101101000100000000101101111110101100111111111011011111011011011000000011001111011010
1100000111100101010110010100111011010001010110011101101100101000010011110010011010111110000011111001
0010001010101001110111101000010001001001011100011111011000001101111000000111001001010001110111010110
1111011000100010001010101001101111110100010000001111011011001110100100110100111010100001010111000011
0100010101100101001010100000011110000011111111000100100101110100101100100010000111000011100101111010
0111100110000001001011111100000110011101110011110011001000110101001011000100010110100010101000101010
1011101010101011101000011000101001010100001100001101001010111010100110010001011110001010111000011001
1111110101110000011100010100000100010101001001010111010101000111001111000100001011011000011001100100
1100100001001110101110011000011010111000111110000101011111000110001101110000010110001101100011000010
1101011111101010111010100101110101101000001010001111110010110000100111010101000011001101010010110010